    2.0952E+00     1.2454E-01
    4.0000E+00     2.7473E-01
    6.0952E+00     4.0293E-01
    8.0000E+00     5.3114E-01
    9.9048E+00     6.1172E-01
    1.2190E+01     6.8498E-01
    1.3905E+01     7.2894E-01
    1.6000E+01     7.7289E-01
    1.8095E+01     7.9853E-01
    1.9810E+01     8.2784E-01
    2.3810E+01     8.9377E-01
    2.7810E+01     9.5604E-01
    3.1810E+01     9.5604E-01
    3.6000E+01     9.4872E-01
    4.0190E+01     9.5971E-01
    4.3810E+01     9.9267E-01
    4.7810E+01     9.8901E-01
    5.2000E+01     1.0073E+00
  
